{
 "cells": [
  {
   "cell_type": "code",
   "execution_count": 1,
   "id": "7a370712-031c-41e6-aa4f-2dd4ba910bf5",
   "metadata": {
    "scrolled": true
   },
   "outputs": [
    {
     "name": "stdout",
     "output_type": "stream",
     "text": [
      "First 5 rows: \n",
      "         Date      Time Global_active_power Global_reactive_power  Voltage  \\\n",
      "0  16/12/2006  17:24:00               4.216                 0.418  234.840   \n",
      "1  16/12/2006  17:25:00               5.360                 0.436  233.630   \n",
      "2  16/12/2006  17:26:00               5.374                 0.498  233.290   \n",
      "3  16/12/2006  17:27:00               5.388                 0.502  233.740   \n",
      "4  16/12/2006  17:28:00               3.666                 0.528  235.680   \n",
      "\n",
      "  Global_intensity Sub_metering_1 Sub_metering_2  Sub_metering_3  \n",
      "0           18.400          0.000          1.000            17.0  \n",
      "1           23.000          0.000          1.000            16.0  \n",
      "2           23.000          0.000          2.000            17.0  \n",
      "3           23.000          0.000          1.000            17.0  \n",
      "4           15.800          0.000          1.000            17.0  \n",
      "\n",
      "Info:\n",
      "<class 'pandas.core.frame.DataFrame'>\n",
      "RangeIndex: 2075259 entries, 0 to 2075258\n",
      "Data columns (total 9 columns):\n",
      " #   Column                 Dtype  \n",
      "---  ------                 -----  \n",
      " 0   Date                   object \n",
      " 1   Time                   object \n",
      " 2   Global_active_power    object \n",
      " 3   Global_reactive_power  object \n",
      " 4   Voltage                object \n",
      " 5   Global_intensity       object \n",
      " 6   Sub_metering_1         object \n",
      " 7   Sub_metering_2         object \n",
      " 8   Sub_metering_3         float64\n",
      "dtypes: float64(1), object(8)\n",
      "memory usage: 142.5+ MB\n",
      "None\n",
      "\n",
      "Shape: (2075259, 9)\n"
     ]
    }
   ],
   "source": [
    "import pandas as pd\n",
    "\n",
    "file_path = \"../data/household_power_consumption.txt\"\n",
    "df = pd.read_csv(file_path, sep=';', low_memory= False)\n",
    "\n",
    "print(\"First 5 rows: \")\n",
    "print(df.head())\n",
    "print(\"\\nInfo:\")\n",
    "print(df.info())\n",
    "print(\"\\nShape:\", df.shape)"
   ]
  },
  {
   "cell_type": "code",
   "execution_count": 2,
   "id": "e63159c9-f778-49a9-93e8-beacacc29fc3",
   "metadata": {},
   "outputs": [
    {
     "name": "stdout",
     "output_type": "stream",
     "text": [
      "First 5 rows after preprocessing:\n",
      "                     Global_active_power  Global_reactive_power  Voltage  \\\n",
      "Datetime                                                                   \n",
      "2006-12-16 17:24:00                4.216                  0.418   234.84   \n",
      "2006-12-16 17:25:00                5.360                  0.436   233.63   \n",
      "2006-12-16 17:26:00                5.374                  0.498   233.29   \n",
      "2006-12-16 17:27:00                5.388                  0.502   233.74   \n",
      "2006-12-16 17:28:00                3.666                  0.528   235.68   \n",
      "\n",
      "                     Global_intensity  Sub_metering_1  Sub_metering_2  \\\n",
      "Datetime                                                                \n",
      "2006-12-16 17:24:00              18.4             0.0             1.0   \n",
      "2006-12-16 17:25:00              23.0             0.0             1.0   \n",
      "2006-12-16 17:26:00              23.0             0.0             2.0   \n",
      "2006-12-16 17:27:00              23.0             0.0             1.0   \n",
      "2006-12-16 17:28:00              15.8             0.0             1.0   \n",
      "\n",
      "                     Sub_metering_3  \n",
      "Datetime                             \n",
      "2006-12-16 17:24:00            17.0  \n",
      "2006-12-16 17:25:00            16.0  \n",
      "2006-12-16 17:26:00            17.0  \n",
      "2006-12-16 17:27:00            17.0  \n",
      "2006-12-16 17:28:00            17.0  \n",
      "\n",
      "Updated Info:\n",
      "<class 'pandas.core.frame.DataFrame'>\n",
      "DatetimeIndex: 2075259 entries, 2006-12-16 17:24:00 to 2010-11-26 21:02:00\n",
      "Data columns (total 7 columns):\n",
      " #   Column                 Dtype  \n",
      "---  ------                 -----  \n",
      " 0   Global_active_power    float64\n",
      " 1   Global_reactive_power  float64\n",
      " 2   Voltage                float64\n",
      " 3   Global_intensity       float64\n",
      " 4   Sub_metering_1         float64\n",
      " 5   Sub_metering_2         float64\n",
      " 6   Sub_metering_3         float64\n",
      "dtypes: float64(7)\n",
      "memory usage: 126.7 MB\n",
      "None\n"
     ]
    }
   ],
   "source": [
    "import numpy as np  # For np.nan\n",
    "\n",
    "# Replace '?' with np.nan\n",
    "df.replace('?', np.nan, inplace=True)\n",
    "\n",
    "# Convert numeric columns to appropriate types\n",
    "numeric_cols = ['Global_active_power', 'Global_reactive_power', 'Voltage', \n",
    "                'Global_intensity', 'Sub_metering_1', 'Sub_metering_2', 'Sub_metering_3']\n",
    "df[numeric_cols] = df[numeric_cols].astype(float)\n",
    "\n",
    "# Combine Date and Time into a single datetime column\n",
    "df['Datetime'] = pd.to_datetime(df['Date'] + ' ' + df['Time'], format='%d/%m/%Y %H:%M:%S')\n",
    "\n",
    "# Drop the original Date and Time columns\n",
    "df.drop(['Date', 'Time'], axis=1, inplace=True)\n",
    "\n",
    "# Set Datetime as the index\n",
    "df.set_index('Datetime', inplace=True)\n",
    "\n",
    "# Display the first 5 rows after preprocessing\n",
    "print(\"First 5 rows after preprocessing:\")\n",
    "print(df.head())\n",
    "\n",
    "# Display updated info\n",
    "print(\"\\nUpdated Info:\")\n",
    "print(df.info())"
   ]
  },
  {
   "cell_type": "code",
   "execution_count": 3,
   "id": "aba3c7c6-a891-4078-9729-86c96e9bd47f",
   "metadata": {},
   "outputs": [
    {
     "name": "stdout",
     "output_type": "stream",
     "text": [
      "Missing values after forward fill:\n",
      "Global_active_power      0\n",
      "Global_reactive_power    0\n",
      "Voltage                  0\n",
      "Global_intensity         0\n",
      "Sub_metering_1           0\n",
      "Sub_metering_2           0\n",
      "Sub_metering_3           0\n",
      "dtype: int64\n",
      "\n",
      "First 5 rows after handling missing values:\n",
      "                     Global_active_power  Global_reactive_power  Voltage  \\\n",
      "Datetime                                                                   \n",
      "2006-12-16 17:24:00                4.216                  0.418   234.84   \n",
      "2006-12-16 17:25:00                5.360                  0.436   233.63   \n",
      "2006-12-16 17:26:00                5.374                  0.498   233.29   \n",
      "2006-12-16 17:27:00                5.388                  0.502   233.74   \n",
      "2006-12-16 17:28:00                3.666                  0.528   235.68   \n",
      "\n",
      "                     Global_intensity  Sub_metering_1  Sub_metering_2  \\\n",
      "Datetime                                                                \n",
      "2006-12-16 17:24:00              18.4             0.0             1.0   \n",
      "2006-12-16 17:25:00              23.0             0.0             1.0   \n",
      "2006-12-16 17:26:00              23.0             0.0             2.0   \n",
      "2006-12-16 17:27:00              23.0             0.0             1.0   \n",
      "2006-12-16 17:28:00              15.8             0.0             1.0   \n",
      "\n",
      "                     Sub_metering_3  \n",
      "Datetime                             \n",
      "2006-12-16 17:24:00            17.0  \n",
      "2006-12-16 17:25:00            16.0  \n",
      "2006-12-16 17:26:00            17.0  \n",
      "2006-12-16 17:27:00            17.0  \n",
      "2006-12-16 17:28:00            17.0  \n"
     ]
    }
   ],
   "source": [
    "# Handle missing values using forward fill\n",
    "df.ffill(inplace=True)  # Updated to use ffill() instead of fillna(method='ffill')\n",
    "\n",
    "# Verify no missing values remain\n",
    "print(\"Missing values after forward fill:\")\n",
    "print(df.isna().sum())\n",
    "\n",
    "# Display the first 5 rows after handling missing values\n",
    "print(\"\\nFirst 5 rows after handling missing values:\")\n",
    "print(df.head())"
   ]
  },
  {
   "cell_type": "code",
   "execution_count": null,
   "id": "acc9facb-b542-4e63-a5b8-49ebbdd8cf15",
   "metadata": {},
   "outputs": [],
   "source": []
  }
 ],
 "metadata": {
  "kernelspec": {
   "display_name": "Python 3 (ipykernel)",
   "language": "python",
   "name": "python3"
  },
  "language_info": {
   "codemirror_mode": {
    "name": "ipython",
    "version": 3
   },
   "file_extension": ".py",
   "mimetype": "text/x-python",
   "name": "python",
   "nbconvert_exporter": "python",
   "pygments_lexer": "ipython3",
   "version": "3.13.1"
  }
 },
 "nbformat": 4,
 "nbformat_minor": 5
}
